[[[ 0.00113169]
  [ 0.00080926]
  [ 0.00079422]
  [ 0.00073363]
  [ 0.00068602]
  [ 0.00081751]
  [ 0.00089557]
  [ 0.00075158]
  [ 0.00084291]
  [ 0.00111728]
  [ 0.0014075 ]
  [ 0.00126101]
  [ 0.00092799]
  [ 0.00072964]
  [ 0.0005806 ]
  [ 0.00092636]]

 [[ 0.00063202]
  [ 0.00050475]
  [ 0.0006963 ]
  [ 0.0006964 ]
  [ 0.00063919]
  [ 0.00077412]
  [ 0.00067816]
  [ 0.00088204]
  [ 0.00073619]
  [ 0.00062549]
  [ 0.00086958]
  [ 0.00082541]
  [ 0.0006105 ]
  [ 0.0006797 ]
  [ 0.00062269]
  [ 0.00047449]]

 [[ 0.00077191]
  [ 0.00049976]
  [ 0.00054541]
  [ 0.00070284]
  [ 0.00071113]
  [ 0.00065639]
  [ 0.00087128]
  [ 0.00088738]
  [ 0.00063617]
  [ 0.00069814]
  [ 0.00092   ]
  [ 0.00093151]
  [ 0.00093725]
  [ 0.00037829]
  [ 0.00061534]
  [ 0.00058704]]

 [[ 0.00085894]
  [ 0.00082242]
  [ 0.00055892]
  [ 0.00066041]
  [ 0.00057196]
  [ 0.00056576]
  [ 0.00085765]
  [ 0.00051054]
  [ 0.0005389 ]
  [ 0.00053543]
  [ 0.000747  ]
  [ 0.00083116]
  [ 0.00051045]
  [ 0.00040321]
  [ 0.00064703]
  [ 0.00072672]]

 [[ 0.00078507]
  [ 0.00058351]
  [ 0.00066625]
  [ 0.00080449]
  [ 0.00063008]
  [ 0.00070076]
  [ 0.00070014]
  [ 0.00070711]
  [ 0.00055938]
  [ 0.00047559]
  [ 0.00067619]
  [ 0.00094681]
  [ 0.00059416]
  [ 0.00061029]
  [ 0.00061116]
  [ 0.00074626]]

 [[ 0.00085983]
  [ 0.00071951]
  [ 0.00056403]
  [ 0.00059081]
  [ 0.00048425]
  [ 0.00042491]
  [ 0.0005537 ]
  [ 0.00081186]
  [ 0.00049102]
  [ 0.00077609]
  [ 0.00067797]
  [ 0.00082515]
  [ 0.00071279]
  [ 0.00013712]
  [ 0.00057395]
  [ 0.00049119]]

 [[ 0.00089085]
  [ 0.00046386]
  [ 0.00051547]
  [ 0.00055116]
  [ 0.0005646 ]
  [ 0.00046799]
  [ 0.00054917]
  [ 0.00068786]
  [ 0.00057102]
  [ 0.0007835 ]
  [ 0.00067708]
  [ 0.00084239]
  [ 0.00088604]
  [ 0.00045649]
  [ 0.00035477]
  [ 0.00109201]]

 [[ 0.0009524 ]
  [ 0.00065722]
  [ 0.00061595]
  [ 0.00040863]
  [ 0.00049529]
  [ 0.00043994]
  [ 0.00033454]
  [ 0.00050399]
  [ 0.00064   ]
  [ 0.00061037]
  [ 0.00075945]
  [ 0.00083691]
  [ 0.00062535]
  [ 0.00063744]
  [ 0.00026933]
  [ 0.00051641]]

 [[ 0.00090887]
  [ 0.00047903]
  [ 0.00078034]
  [ 0.00048555]
  [ 0.00056646]
  [ 0.00035518]
  [ 0.00054169]
  [ 0.00056302]
  [ 0.00066085]
  [ 0.00065487]
  [ 0.0006075 ]
  [ 0.00077689]
  [ 0.00069247]
  [ 0.00071343]
  [ 0.00060795]
  [ 0.00039991]]

 [[ 0.00128528]
  [ 0.00055363]
  [ 0.0003435 ]
  [ 0.00050783]
  [ 0.00050446]
  [ 0.00059606]
  [ 0.00072176]
  [ 0.00057713]
  [ 0.00053099]
  [ 0.00070119]
  [ 0.00064876]
  [ 0.0005563 ]
  [ 0.00069188]
  [ 0.00065145]
  [ 0.00046906]
  [ 0.00081147]]

 [[ 0.00079403]
  [ 0.00065317]
  [ 0.00065876]
  [ 0.00054487]
  [ 0.00039262]
  [ 0.00051249]
  [ 0.00071886]
  [ 0.0004825 ]
  [ 0.00049219]
  [ 0.00060603]
  [ 0.00072478]
  [ 0.00061561]
  [ 0.00067523]
  [ 0.00049247]
  [ 0.00055909]
  [ 0.00048954]]

 [[ 0.00073287]
  [ 0.00052135]
  [ 0.00079986]
  [ 0.00057243]
  [ 0.00051475]
  [ 0.00055977]
  [ 0.00042583]
  [ 0.00057376]
  [ 0.00063409]
  [ 0.00039715]
  [ 0.00062837]
  [ 0.00057991]
  [ 0.00075634]
  [ 0.0003474 ]
  [ 0.00075652]
  [ 0.00101645]]

 [[ 0.0007971 ]
  [ 0.00057395]
  [ 0.00050351]
  [ 0.00052959]
  [ 0.00050131]
  [ 0.00055671]
  [ 0.00060585]
  [ 0.0006075 ]
  [ 0.00032739]
  [ 0.00063248]
  [ 0.00050038]
  [ 0.00036219]
  [ 0.00065502]
  [ 0.00042573]
  [ 0.00054565]
  [ 0.00100771]]

 [[ 0.00073622]
  [ 0.0004738 ]
  [ 0.00029574]
  [ 0.00041357]
  [ 0.00045741]
  [ 0.00055744]
  [ 0.00050318]
  [ 0.00043056]
  [ 0.00045957]
  [ 0.00047731]
  [ 0.000434  ]
  [ 0.00060495]
  [ 0.00053719]
  [ 0.00053429]
  [ 0.00062341]
  [ 0.00108557]]

 [[ 0.0006603 ]
  [ 0.00040679]
  [ 0.00057928]
  [ 0.00067931]
  [ 0.00055405]
  [ 0.0005512 ]
  [ 0.00056233]
  [ 0.00069621]
  [ 0.00070589]
  [ 0.00078042]
  [ 0.00062065]
  [ 0.00078156]
  [ 0.00050857]
  [ 0.00048553]
  [ 0.00064024]
  [ 0.00097106]]

 [[ 0.00085344]
  [ 0.00103808]
  [ 0.00078506]
  [ 0.00060546]
  [ 0.00099494]
  [ 0.00060541]
  [ 0.00122233]
  [ 0.00073668]
  [ 0.00051424]
  [ 0.00075581]
  [ 0.00038331]
  [ 0.00054915]
  [ 0.00047726]
  [ 0.00065352]
  [ 0.00057832]
  [ 0.00112368]]]